218878024
219054017
928275019
928278018
928282015
928543013
928549011
929933010
934413016
934499018
934507010
934517016
934522010
934528018
935958016
935959012
935988012
935996015
936004016
936011012
936014011
936015018
936016014
936020011
936021018
936193013
936242014
936243010
938204012
1000077018
1000420014
1000567015
1052842014
1061524017
1062480013
1062502017
1062590013
1121092022
1121093010
1133625018
1133674019
1154964017
1225325029
1256738011
1289556016
1305877022
1305894016
1305910011
1306018015
1492086017
1506829018
1506830016
1507337011
1507620015
1507621011
1689530016
1818091016
1818094015
1818122019
1818195016
1826432019
1826438017
1826932011
1856975017
2080107016
2080167019
2605225015
2612011012
2613721013
2617311014
2646115011
2790929015
2811097015
2813076015
4001433011
4001868999
4002163646
4004739731
4005184849
4011035332
4012671151
4012671500
7000092031
7000732502
7002191908
7002624251
7002738192
7003192444
7003408994
7003791496
7004216428
7005258981
7005675337
7008601008
7009271710
7009844591
7011902159
7013781405
7014407736
7014649365
7015481506
7015556743
7015593401
7015711927
7017318009
7017437121
7017480310
7017826225
7018002315
7022385326
7023098894
7023099122
7024610351
7026347402
7027718161
7027718978
7027719761
7027906057
7027908114
7028101834
7028215422
7029029843
7029496689
7029918672
7030653844
7030796440
7031011609
7031596879
7033023116
7033267791
7035338343
7035532549
7035536250
7035537079
7035851032
7035950235
7035992590
7036028828
7036029220
7036068455
7036165523
7036838625
7036869024
7043162220
7044603068
7051051321
7056154374
7056156237
7056158000
7056158671
7056178737
7054741620
7054869309